CurrenMap 
3  2  2  2  2  2  2  2  2  2  2  2  2  2  2  2  2  1
2        O                                         1
2           1                                      1
2              2                                   1
2                 2                                1
2                    2                             1
2                       2                          1
2                          2  2  2  2  2           1
2                                      1  1        1
2                                         1  2     1
2                                               2  1
2                                                  1
2        O  O  O                                   1
2           X                                      1
2                                                  1
2                                                  1
2                                                  1
3  2  2  2  2  2  2  2  2  2  2  2  2  2  2  2  2  1; comand sent successfully.